skdXin2011.06.1.1
SHFILL2 agfcells/SHFILL2 79 2 8 8 0 0 -80 640 2960 0 -80 640 2960 YES YES
SHFILL3 agfcells/SHFILL3 80 2 8 8 0 0 -80 960 2960 0 -80 960 2960 YES YES
SHFILL64 agfcells/SHFILL64 81 2 20 20 0 0 -80 20480 2960 0 -80 20480 2960 YES YES
SHFILL128 agfcells/SHFILL128 82 2 32 32 0 0 -80 40960 2960 0 -80 40960 2960 YES YES
SHFILL1 agfcells/SHFILL1 78 2 2 2 0 0 -80 320 2960 0 -80 320 2960 YES YES
INVX0 agfcells/INVX0 28 2 22 22 0 0 -80 1920 2960 0 -80 1920 2960 YES YES
NBUFFX2 agfcells/NBUFFX2 48 2 46 46 0 0 -80 1920 2960 0 -80 1920 2960 YES YES
INVX8 agfcells/INVX8 32 2 90 90 0 0 -80 5120 2960 0 -80 5120 2960 YES YES
INVX2 agfcells/INVX2 30 2 33 33 0 0 -80 2240 2960 0 -80 2240 2960 YES YES
INVX32 agfcells/INVX32 34 2 334 334 0 0 -80 16320 2960 0 -80 16320 2960 YES YES
INVX16 agfcells/INVX16 33 2 175 175 0 0 -80 8960 2960 0 -80 8960 2960 YES YES
INVX4 agfcells/INVX4 31 2 55 55 0 0 -80 3200 2960 0 -80 3200 2960 YES YES
INVX1 agfcells/INVX1 29 2 26 26 0 0 -80 2240 2960 0 -80 2240 2960 YES YES
NBUFFX8 agfcells/NBUFFX8 50 2 124 124 0 0 -80 5120 2960 0 -80 5120 2960 YES YES
NBUFFX16 agfcells/NBUFFX16 51 2 219 219 0 0 -80 9280 2960 0 -80 9280 2960 YES YES
NBUFFX32 agfcells/NBUFFX32 52 2 409 409 0 0 -80 19200 2960 0 -80 19200 2960 YES YES
OR2X1 agfcells/OR2X1 72 2 48 48 0 0 -80 2560 2960 0 -80 2560 2960 YES YES
IBUFFX4 agfcells/IBUFFX4 25 2 75 75 0 0 -80 4480 2960 0 -80 4480 2960 YES YES
NBUFFX4 agfcells/NBUFFX4 49 2 79 79 0 0 -80 3520 2960 0 -80 3520 2960 YES YES
IBUFFX2 agfcells/IBUFFX2 24 2 61 61 0 0 -80 3520 2960 0 -80 3520 2960 YES YES
NAND2X1 agfcells/NAND2X1 39 2 38 38 0 0 -80 1920 2960 0 -80 1920 2960 YES YES
NAND3X1 agfcells/NAND3X1 43 2 67 67 0 0 -80 4160 2960 0 -80 4160 2960 YES YES
OR3X1 agfcells/OR3X1 75 2 55 55 0 0 -80 3200 2960 0 -80 3200 2960 YES YES
IBUFFX8 agfcells/IBUFFX8 26 2 101 101 0 0 -80 6400 2960 0 -80 6400 2960 YES YES
IBUFFX16 agfcells/IBUFFX16 27 2 162 162 0 0 -80 10880 2960 0 -80 10880 2960 YES YES
NAND2X2 agfcells/NAND2X2 40 2 61 61 0 0 -80 3200 2960 0 -80 3200 2960 YES YES
NAND3X0 agfcells/NAND3X0 42 2 44 44 0 0 -80 2560 2960 0 -80 2560 2960 YES YES
NOR2X0 agfcells/NOR2X0 53 2 33 33 0 0 -80 1920 2960 0 -80 1920 2960 YES YES
NOR3X0 agfcells/NOR3X0 57 2 46 46 0 0 -80 2880 2960 0 -80 2880 2960 YES YES
NAND2X0 agfcells/NAND2X0 38 2 31 31 0 0 -80 1920 2960 0 -80 1920 2960 YES YES
NOR3X4 agfcells/NOR3X4 60 2 108 108 0 0 -80 5760 2960 0 -80 5760 2960 YES YES
NAND3X4 agfcells/NAND3X4 45 2 98 98 0 0 -80 5440 2960 0 -80 5440 2960 YES YES
AND2X1 agfcells/AND2X1 0 2 43 43 0 0 -80 2560 2960 0 -80 2560 2960 YES YES
NOR2X2 agfcells/NOR2X2 55 2 52 52 0 0 -80 3200 2960 0 -80 3200 2960 YES YES
AND2X2 agfcells/AND2X2 1 2 57 57 0 0 -80 2880 2960 0 -80 2880 2960 YES YES
OR4X1 agfcells/OR4X1 76 2 62 62 0 0 -80 3520 2960 0 -80 3520 2960 YES YES
AO22X1 agfcells/AO22X1 14 2 73 73 0 0 -80 4160 2960 0 -80 4160 2960 YES YES
MUX21X1 agfcells/MUX21X1 35 2 72 72 0 0 -80 3840 2960 0 -80 3840 2960 YES YES
NOR2X4 agfcells/NOR2X4 56 2 77 77 0 0 -80 5120 2960 0 -80 5120 2960 YES YES
DELLN2X2 agfcells/DELLN2X2 18 2 91 91 0 0 -80 5440 2960 0 -80 5440 2960 YES YES
AND4X1 agfcells/AND4X1 5 2 60 60 0 0 -80 3525 2960 0 -80 3525 2960 YES YES
AND4X4 agfcells/AND4X4 6 2 93 93 0 0 -80 5120 2960 0 -80 5120 2960 YES YES
AND3X1 agfcells/AND3X1 3 2 49 49 0 0 -80 2880 2960 0 -80 2880 2960 YES YES
AND2X4 agfcells/AND2X4 2 2 77 77 0 0 -80 3840 2960 0 -80 3840 2960 YES YES
NAND4X0 agfcells/NAND4X0 46 2 46 46 0 0 -80 2880 2960 0 -80 2880 2960 YES YES
NOR2X1 agfcells/NOR2X1 54 2 36 36 0 0 -80 2240 2960 0 -80 2240 2960 YES YES
NAND2X4 agfcells/NAND2X4 41 2 97 97 0 0 -80 5120 2960 0 -80 5120 2960 YES YES
NOR4X0 agfcells/NOR4X0 61 2 51 51 0 0 -80 3200 2960 0 -80 3200 2960 YES YES
MUX21X2 agfcells/MUX21X2 36 2 85 85 0 0 -80 4480 2960 0 -80 4480 2960 YES YES
OR2X2 agfcells/OR2X2 73 2 57 57 0 0 -80 3200 2960 0 -80 3200 2960 YES YES
AND3X2 agfcells/AND3X2 4 2 61 61 0 0 -80 3520 2960 0 -80 3520 2960 YES YES
NOR3X1 agfcells/NOR3X1 58 2 70 70 0 0 -80 4160 2960 0 -80 4160 2960 YES YES
OR4X2 agfcells/OR4X2 77 2 68 68 0 0 -80 4160 2960 0 -80 4160 2960 YES YES
DFFX1 agfcells/DFFX1 19 2 206 206 0 0 -80 8640 2960 0 -80 8640 2960 YES YES
MUX41X1 agfcells/MUX41X1 37 2 151 151 0 0 -80 8000 2960 0 -80 8000 2960 YES YES
NAND3X2 agfcells/NAND3X2 44 2 81 81 0 0 -80 4480 2960 0 -80 4480 2960 YES YES
NOR3X2 agfcells/NOR3X2 59 2 88 88 0 0 -80 4800 2960 0 -80 4800 2960 YES YES
NAND4X1 agfcells/NAND4X1 47 2 82 82 0 0 -80 4480 2960 0 -80 4480 2960 YES YES
AO222X1 agfcells/AO222X1 16 2 93 93 0 0 -80 5120 2960 0 -80 5120 2960 YES YES
XOR2X1 agfcells/XOR2X1 85 2 82 82 0 0 -80 4800 2960 0 -80 4800 2960 YES YES
AOI21X1 agfcells/AOI21X1 7 2 75 75 0 0 -80 4160 2960 0 -80 4160 2960 YES YES
FADDX1 agfcells/FADDX1 21 2 168 168 0 0 -80 10240 2960 0 -80 10240 2960 YES YES
XNOR2X1 agfcells/XNOR2X1 83 2 87 87 0 0 -80 4800 2960 0 -80 4800 2960 YES YES
OAI21X1 agfcells/OAI21X1 63 2 69 69 0 0 -80 3840 2960 0 -80 3840 2960 YES YES
OAI22X1 agfcells/OAI22X1 64 2 80 80 0 0 -80 4480 2960 0 -80 4480 2960 YES YES
OA21X1 agfcells/OA21X1 67 2 62 62 0 0 -80 3200 2960 0 -80 3200 2960 YES YES
OA22X1 agfcells/OA22X1 69 2 67 67 0 0 -80 3840 2960 0 -80 3840 2960 YES YES
AO221X1 agfcells/AO221X1 15 2 88 88 0 0 -80 4480 2960 0 -80 4480 2960 YES YES
AOI22X1 agfcells/AOI22X1 9 2 81 81 0 0 -80 4480 2960 0 -80 4480 2960 YES YES
AOI221X1 agfcells/AOI221X1 10 2 93 93 0 0 -80 5120 2960 0 -80 5120 2960 YES YES
OA221X1 agfcells/OA221X1 70 2 80 80 0 0 -80 4480 2960 0 -80 4480 2960 YES YES
OAI222X1 agfcells/OAI222X1 66 2 100 100 0 0 -80 5440 2960 0 -80 5440 2960 YES YES
AO21X1 agfcells/AO21X1 12 2 64 64 0 0 -80 3520 2960 0 -80 3520 2960 YES YES
DFFX2 agfcells/DFFX2 20 2 254 254 0 0 -80 10880 2960 0 -80 10880 2960 YES YES
saed90_64x32_2P agfcells/saed90_64x32_2P 91 2 491 491 0 0 0 108800 129280 0 0 108800 129280 YES YES
NOR4X1 agfcells/NOR4X1 62 2 85 85 0 0 -80 5440 2960 0 -80 5440 2960 YES YES
saed90_16x64_1P_bit agfcells/saed90_16x64_1P_bit 90 2 216 216 0 0 0 37120 75520 0 0 37120 75520 YES YES
saed90_64x512_1P_BM agfcells/saed90_64x512_1P_BM 92 2 692 692 0 0 0 561920 151040 0 0 561920 151040 YES YES
saed90_248x64_1P_bit agfcells/saed90_248x64_1P_bit 93 2 2312 2312 0 0 0 544000 263680 0 0 544000 263680 YES YES
HADDX1 agfcells/HADDX1 23 2 109 109 0 0 -80 5440 2960 0 -80 5440 2960 YES YES
XOR3X1 agfcells/XOR3X1 87 2 155 155 0 0 -80 7680 2960 0 -80 7680 2960 YES YES
AOI222X1 agfcells/AOI222X1 11 2 103 103 0 0 -80 5440 2960 0 -80 5440 2960 YES YES
OAI221X1 agfcells/OAI221X1 65 2 89 89 0 0 -80 5120 2960 0 -80 5120 2960 YES YES
saed90_8x64_1P_bit agfcells/saed90_8x64_1P_bit 89 2 182 182 0 0 0 37120 39680 0 0 37120 39680 YES YES
AO21X2 agfcells/AO21X2 13 2 75 75 0 0 -80 4160 2960 0 -80 4160 2960 YES YES
AO222X2 agfcells/AO222X2 17 2 106 106 0 0 -80 5440 2960 0 -80 5440 2960 YES YES
OA21X2 agfcells/OA21X2 68 2 72 72 0 0 -80 3840 2960 0 -80 3840 2960 YES YES
AOI21X2 agfcells/AOI21X2 8 2 84 84 0 0 -80 4480 2960 0 -80 4480 2960 YES YES
OA221X2 agfcells/OA221X2 71 2 91 91 0 0 -80 5120 2960 0 -80 5120 2960 YES YES
OR2X4 agfcells/OR2X4 74 2 78 78 0 0 -80 4160 2960 0 -80 4160 2960 YES YES
XOR2X2 agfcells/XOR2X2 86 2 96 96 0 0 -80 5440 2960 0 -80 5440 2960 YES YES
FADDX2 agfcells/FADDX2 22 2 181 181 0 0 -80 10880 2960 0 -80 10880 2960 YES YES
XNOR3X1 agfcells/XNOR3X1 84 2 148 148 0 0 -80 7680 2960 0 -80 7680 2960 YES YES
chip_finish_icc agfcells/chip_finish_icc 88 2 3352315 11143407 290120 0 0 2769920 1890640 7060 1700 2763180 1519520 YES YES
