-17 2
-39 2
-1038 2
-1884 2
-1914 2
-1972 2
-2199 2
-80157 2
-80158 2
-80160 2
-80327 2
-80328 2
-80329 2
-80330 2
-80346 2
-80349 2
-81860 2
-81861 2
-81882 2
-83235 2
-83236 2
-83237 2
-83238 2
-84085 2
-84086 2
-84087 2
-84333 2
-84335 2
-84336 2
-84337 2
-86530 2
-86531 2
-86532 2
-86533 2
-86716 2
-86717 2
-86718 2
-86719 2
-87694 2
-87696 2
-87697 2
-87698 2
-88116 2
-88118 2
-88119 2
-88120 2
-88199 2
-88200 2
-88284 2
-88286 2
-88287 2
-88288 2
-88451 2
-88452 2
-88453 2
-88551 2
-88608 2
-88610 2
-88611 2
-88694 2
-88701 2
-88702 2
-88703 2
-88861 2
-88862 2
-88877 2
-88878 2
-88879 2
-99140 2
-99143 2
-99145 2
-99146 2
-99147 2
-99157 2
-99168 2
-99169 2
-99170 2
-99179 2
-99185 2
-99186 2
-99187 2
-101228 2
-101229 2
-101231 2
-101242 2
-101243 2
-101245 2
-101375 2
-101376 2
-101377 2
-102298 2
-102299 2
-102301 2
-102481 2
-102483 2
-102566 2
-102593 2
-102595 2
-102726 2
-102727 2
-102768 2
-102770 2
-103047 2
-103256 2
-103263 2
-103348 2
-103373 2
-103374 2
-103375 2
-103549 2
-103550 2
-103571 2
-103653 2
-103767 2
-103921 2
-103963 2
-104101 2
-104102 2
-104108 2
-104109 2
-104649 2
-104915 2
-109767 2
-109768 2
-109769 2
-112298 2
-112301 2
-112446 2
-112534 2
-112535 2
-112540 2
-112541 2
-112962 2
-112963 2
-112964 2
-113039 2
-113040 2
-113041 2
-113042 2
-113816 2
-113836 2
-113964 2
-114270 2
-114271 2
-114335 2
-114377 2
-114666 2
-114667 2
-114673 2
-114674 2
-115772 2
-115773 2
-115874 2
-115875 2
-116169 2
-116171 2
-116172 2
-116199 2
-117864 2
-117865 2
-117866 2
-118069 2
-118070 2
-118267 2
-118268 2
-118327 2
-118328 2
-118352 2
-118354 2
-118380 2
-118381 2
-118382 2
-118460 2
-118461 2
-118462 2
-118476 2
-118478 2
-118638 2
-118639 2
-118945 2
-119965 2
-119966 2
-119967 2
-119993 2
-119994 2
-120002 2
-120003 2
-120007 2
-120008 2
-120017 2
-120028 2
-120029 2
-120030 2
-120042 2
-120043 2
-120044 2
-120045 2
-120104 2
-120105 2
-120106 2
-120107 2
-120729 2
-120747 2
-120748 2
-120749 2
-120841 2
-121111 2
-121112 2
-121113 2
-121114 2
-121471 2
-121492 2
-121496 2
-121497 2
-121498 2
-121693 2
-121695 2
-121751 2
-122708 2
-122709 2
-122710 2
-122711 2
-122756 2
-122757 2
-122758 2
-122759 2
-139256 2
-139257 2
-139258 2
-139262 2
-139263 2
-140345 2
-140346 2
-140347 2
-140353 2
-140355 2
-140362 2
-140363 2
-140364 2
-140385 2
-140387 2
-140407 2
-140603 2
-140606 2
-140673 2
-140676 2
-140837 2
-140841 2
-140842 2
-140843 2
-141388 2
-141572 2
-141666 2
-141667 2
-141668 2
-142240 2
-143129 2
-143130 2
-143131 2
-144274 2
-144275 2
-144276 2
-144484 2
-144486 2
-144489 2
-144556 2
-144559 2
-145736 2
-145738 2
-145749 2
-145750 2
-145751 2
-145756 2
-145758 2
-145759 2
-145760 2
-146291 2
-146294 2
-146316 2
-146319 2
-146346 2
-146349 2
-146366 2
-146369 2
-146376 2
-146379 2
-146496 2
-146499 2
-146566 2
-146586 2
-146589 2
-146629 2
-146636 2
-146639 2
-146706 2
-146709 2
-146726 2
-146729 2
-146736 2
-146739 2
-146756 2
-146759 2
-146826 2
-146829 2
-147537 2
-147538 2
-147539 2
-147540 2
-148058 2
-148059 2
-148060 2
-148061 2
-148106 2
-148107 2
-148108 2
-148109 2
-148405 2
-148406 2
-148407 2
-148429 2
-148430 2
-148431 2
-148537 2
-148538 2
-148539 2
-148585 2
-148586 2
-148587 2
-148621 2
-148622 2
-148623 2
-148645 2
-148646 2
-148647 2
-148683 2
-149157 2
-149158 2
-149159 2
-149766 2
-149767 2
-149768 2
-149850 2
-149851 2
-149852 2
-149878 2
-149879 2
-149880 2
-149885 2
-149886 2
-149887 2
-149892 2
-149893 2
-149894 2
-149934 2
-149935 2
-149936 2
-149955 2
-149956 2
-149957 2
-150207 2
-150208 2
-150209 2
-150242 2
-150243 2
-150244 2
-150812 2
-150840 2
-150845 2
-150852 2
-150853 2
-151930 2
-151931 2
-151932 2
-152000 2
-152001 2
-152002 2
-153448 2
-153449 2
-153450 2
-153451 2
-153452 2
-153453 2
-153454 2
-153702 2
-153703 2
-153704 2
-153940 2
-153941 2
-153942 2
-155218 2
-155219 2
-155220 2
-155221 2
-155222 2
-155800 2
-155803 2
-157136 2
-157139 2
-157146 2
-157149 2
-158815 2
-158816 2
-158817 2
-158857 2
-158858 2
-158859 2
-159400 2
-159401 2
-159402 2
-159403 2
-159404 2
-159791 2
-159792 2
-159793 2
-159794 2
-159795 2
-159852 2
-159854 2
-160017 2
-160019 2
-160020 2
-160021 2
-160062 2
-160065 2
-160135 2
-160137 2
-160138 2
-160139 2
-160217 2
-160218 2
-160219 2
-160221 2
-160237 2
-160238 2
-160239 2
-160240 2
-160241 2
-163316 2
-163317 2
-163318 2
-163332 2
-163333 2
-163334 2
-164876 2
-164877 2
-164878 2
-164883 2
-164884 2
-164885 2
-165172 2
-165184 2
-165205 2
-165206 2
-165207 2
-166169 2
-166170 2
-166171 2
-166172 2
-166790 2
-166791 2
-167276 2
-167277 2
-167278 2
-167326 2
-167327 2
-167468 2
-167486 2
-167487 2
-167489 2
-167508 2
-167509 2
-167954 2
-167955 2
-167956 2
-167973 2
-167976 2
-167985 2
-167986 2
-167987 2
-168015 2
-168016 2
-168017 2
-168034 2
-168035 2
-168036 2
-168057 2
-168058 2
-168059 2
-168091 2
-168092 2
-168093 2
-168114 2
-168115 2
-168116 2
-168117 2
-168146 2
-168149 2
-168222 2
-168223 2
-168224 2
-168248 2
-168251 2
-168490 2
-168491 2
-168492 2
-168520 2
-168521 2
-168522 2
-168540 2
-168541 2
-168542 2
-168629 2
-168630 2
-168631 2
-169064 2
-169065 2
-169066 2
-169076 2
-169079 2
-169417 2
-169418 2
-169419 2
-169420 2
-169421 2
-169732 2
-169733 2
-169734 2
-169735 2
-169736 2
-170272 2
-170274 2
-171106 2
-171107 2
-171842 2
-171843 2
-171844 2
-172927 2
-173450 2
-173453 2
-173855 2
-173856 2
-173857 2
-174079 2
-174080 2
-174090 2
-174092 2
-174663 2
-174664 2
-174665 2
-174821 2
-174824 2
-174853 2
-174854 2
-174855 2
-174859 2
-174862 2
-174872 2
-174873 2
-174874 2
-175198 2
-175199 2
-175200 2
-175204 2
-175205 2
-175206 2
-175294 2
-175295 2
-175296 2
-175300 2
-175301 2
-175302 2
-175774 2
-175778 2
-175779 2
-175780 2
-175784 2
-175786 2
-176102 2
-176105 2
-178194 2
-178195 2
-178196 2
-178200 2
-178248 2
-178250 2
-178383 2
-178384 2
-178385 2
-178454 2
-178455 2
-178456 2
-179456 2
-179472 2
-179473 2
-179483 2
-179485 2
-179504 2
-179505 2
-179506 2
-179516 2
-179517 2
-179565 2
-179567 2
-179572 2
-179573 2
-179583 2
-179584 2
-179585 2
-179604 2
-179605 2
-179606 2
-179610 2
-179613 2
-179633 2
-179634 2
-179635 2
-179654 2
-179655 2
-179656 2
-179660 2
-179663 2
-179666 2
-179667 2
-179860 2
-179863 2
-180129 4
-180130 4
-180131 2
-180132 4
-180136 2
-180137 2
-180138 2
-180139 2
-180140 2
-180182 2
-180230 2
-180232 2
-180237 2
-180286 2
-180288 2
-180289 2
-180290 2
-180616 2
-180617 2
-180618 2
-180619 2
-180620 2
-181030 2
-181031 2
-181032 2
-181176 2
-181183 2
-181184 2
-181188 2
-181189 2
-181214 2
-181215 2
-181216 2
-181224 2
-181228 2
-181229 2
-181230 2
-181231 2
-181232 2
-181236 2
-181238 2
-181239 2
-181838 2
-181839 2
-181840 2
-181841 2
-181842 2
-181984 2
-181985 2
-181986 2
-181987 2
-181988 2
-182076 2
-182077 2
-182078 2
-182079 2
-182080 2
-182285 2
-182286 2
-182298 2
-182299 2
-182300 2
-182314 2
-182315 2
-182316 2
-182322 2
-182323 2
-182324 2
-182373 2
-182374 2
-182886 2
-182887 2
-182888 2
-183310 2
-183311 2
-183312 2
-183313 2
-183326 2
-183327 2
-183415 2
-183416 2
-183417 2
-183418 2
-183419 2
-183594 2
-183595 2
-184281 2
-184283 2
-184338 2
-184339 2
-184340 2
-184341 2
-184342 2
-184353 2
-184354 2
-184355 2
-184356 2
-184357 2
-184358 2
-184359 2
-184863 2
-184907 2
-184908 2
-184909 2
-184910 2
-184919 2
-184963 2
-184964 2
-189554 2
-189556 2
-189947 2
-189950 2
-189987 2
-189988 2
-189989 2
-190088 2
-190091 2
-191255 2
-191258 2
-191300 2
-191303 2
-191420 2
-191423 2
-191525 2
-191528 2
-192029 2
-192032 2
-192051 2
-192054 2
-192177 2
-192180 2
-192326 2
-192329 2
-192596 2
-192597 2
-192598 2
-192699 2
-192700 2
-192701 2
-192837 2
-192838 2
-192839 2
-192855 2
-192856 2
-192857 2
-192928 2
-192935 2
-193108 2
-193109 2
-194355 2
-194356 2
-194357 2
-194754 2
-194755 2
-194756 2
-194952 2
-194953 2
-195293 2
-195294 2
-195302 2
-195316 2
-195323 2
-195377 2
-195517 2
-195518 2
-195519 2
-196827 2
-196828 2
-197274 2
-197281 2
-197282 2
-197290 2
-197315 2
-197316 2
-197317 2
-197323 2
-197784 2
-197791 2
-198019 2
-198020 2
-198021 2
-198453 2
-198454 2
-198455 2
-198929 2
-198947 2
-198984 2
-199027 2
-199048 2
-199074 2
-199083 2
-199088 2
-199089 2
-199642 2
-199643 2
-199644 2
-199708 2
-199709 2
-199715 2
-199716 2
-199798 2
-199824 2
-199825 2
-200643 2
-200644 2
-200645 2
-200655 2
-200656 2
-200657 2
-200667 2
-200668 2
-200669 2
-200769 2
-200770 2
-200771 2
-200837 2
-201175 2
-201176 2
-203015 2
-203016 2
-203017 2
-203027 2
-203028 2
-203029 2
-203033 2
-203034 2
-203035 2
-203039 2
-203040 2
-203041 2
-203042 2
-203043 2
-203183 2
-203184 2
-203185 2
-203189 2
-203190 2
-203191 2
-203207 2
-203208 2
-203209 2
-203210 2
-203211 2
-203329 2
-203330 2
-203331 2
-203332 2
-204120 2
-204121 2
-204122 2
-204807 2
-204808 2
-204809 2
-208926 2
-208927 2
-208928 2
-208929 2
-208930 2
-209797 2
-209798 2
-209799 2
-209800 2
-209801 2
-209805 2
-209806 2
-209807 2
-209818 2
-209819 2
-209825 2
-209827 2
-209828 2
-211775 2
-211776 2
-211777 2
-211778 2
-212670 2
-212671 2
-212672 2
-212673 2
-213133 2
-213134 2
-213135 2
-213136 2
-213147 2
-213148 2
-213149 2
-213150 2
-213665 2
-213666 2
-213667 2
-213668 2
-214847 2
-214848 2
-214849 2
-215079 2
-215156 2
-215286 2
-215287 2
-215289 2
-215684 2
-215915 2
-216515 2
-216516 2
-216518 2
-216543 2
-216544 2
-216546 2
-216551 2
-216553 2
-216559 2
-216816 2
-216817 2
-216819 2
-216984 2
-216985 2
-216986 2
-217259 2
-217474 2
-217475 2
-217476 2
-217953 2
-218006 2
-218007 2
-218008 2
-218009 2
-218310 2
-218349 2
-218350 2
-218351 2
-218576 2
-218588 2
-218589 2
-218622 2
-218623 2
-218624 2
-218625 2
-218757 2
-218825 2
-218826 2
-218827 2
-218909 2
-218910 2
-218911 2
-218912 2
-219070 2
-219071 2
-219072 2
-219073 2
-219269 2
-219343 2
-219344 2
-219345 2
-219346 2
-219472 2
-219484 2
-219486 2
-219714 2
-219715 2
-219717 2
-219735 2
-219736 2
-219737 2
-220230 2
-220231 2
-220232 2
-220233 2
-220257 2
-220258 2
-220259 2
-220260 2
-220362 2
-220363 2
-220364 2
-220365 2
-220366 2
-220386 2
-220387 2
-220388 2
-220389 2
-220390 2
-220418 2
-220419 2
-220420 2
-220421 2
-220422 2
-220634 2
-220635 2
-220636 2
-220637 2
-220638 2
-220658 2
-220659 2
-220660 2
-220661 2
-220662 2
-221477 2
-221480 2
-222043 2
-222044 2
-222045 2
-222374 2
-222377 2
-223389 2
-223390 2
-224865 2
-224868 2
-224888 2
-225265 2
-225268 2
-225364 2
-225365 2
-225366 2
-225615 2
-225825 2
-225845 2
-226672 2
-226682 2
-226702 2
-226717 2
-226732 2
-226897 2
-227009 2
-227012 2
-227083 2
-227084 2
-227085 2
-227416 2
-227419 2
-227646 2
-227835 2
-227836 2
-227837 2
-227959 2
-227960 2
-227968 2
-227971 2
-227986 2
-228136 2
-228346 2
-228431 2
-228537 2
-228538 2
-228539 2
-228805 2
-229337 2
-229338 2
-229351 2
-231488 2
-231490 2
-231560 2
-231561 2
-231562 2
-232350 2
-232352 2
-232353 2
-232366 2
-232367 2
-232378 2
-232470 2
-232471 2
-232472 2
-232602 2
-232622 2
-232623 2
-232624 2
-232638 2
-232639 2
-232640 2
-232641 2
-232890 2
-233190 2
-233191 2
-233192 2
-233193 2
-233194 2
-233246 2
-233247 2
-233248 2
-233249 2
-233250 2
-233446 2
-233447 2
-233448 2
-233832 2
-233833 2
-233834 2
-233854 2
-234026 2
-234102 2
-234112 2
-234115 2
-234132 2
-234135 2
-234142 2
-234145 2
-234335 2
-234351 2
-234370 2
-234371 2
-234454 2
-234455 2
-234456 2
-235050 2
-235070 2
-235071 2
-235072 2
-235210 2
-235499 2
-235553 2
-235554 2
-235555 2
-235658 2
-235659 2
-235687 2
-235695 2
-235702 2
-235932 2
-236143 2
-236164 2
-236549 2
-236612 2
-236633 2
-237310 2
-237311 2
-237312 2
-237529 2
-237634 2
-238126 2
-238127 2
-238128 2
-240664 2
-240665 2
-240666 2
-240667 2
-240902 2
-240903 2
-240904 2
-240905 2
-240951 2
-240952 2
-240953 2
-241518 2
-241519 2
-241520 2
-241521 2
-241539 2
-241540 2
-241541 2
-241542 2
-241646 2
-241679 2
-241680 2
-241682 2
-241798 2
-241799 2
-241800 2
-241801 2
-241966 2
-241967 2
-241968 2
-241969 2
-241987 2
-241988 2
-241989 2
-241990 2
-242094 2
-242130 2
-242862 2
-242863 2
-242864 2
-242865 2
-243324 2
-243325 2
-243326 2
-243327 2
-243345 2
-243346 2
-243347 2
-243348 2
-243639 2
-243640 2
-243642 2
-243772 2
-243773 2
-243774 2
-243775 2
-244038 2
-244039 2
-244040 2
-244041 2
-244255 2
-244256 2
-244257 2
-244258 2
-244269 2
-244270 2
-244271 2
-244272 2
-244276 2
-244277 2
-244278 2
-244279 2
-244283 2
-244284 2
-244285 2
-244286 2
-244335 2
-244486 2
-244487 2
-244488 2
-244489 2
-244788 2
-244789 2
-245151 2
-245152 2
-245153 2
-245154 2
-245228 2
-245229 2
-245230 2
-245238 2
-245627 2
-245628 2
-245629 2
-245630 2
-245683 2
-245684 2
-245686 2
-245844 2
-245845 2
-245846 2
-245847 2
-246068 2
-246069 2
-246070 2
-246071 2
-246306 2
-246307 2
-246308 2
-246313 2
-246314 2
-246316 2
-246446 2
-246447 2
-246448 2
-246449 2
-247029 2
-247174 2
-247175 2
-247176 2
-247177 2
-247202 2
-247203 2
-247205 2
-247342 2
-247343 2
-247344 2
-247345 2
-247363 2
-247364 2
-247365 2
-247366 2
-247370 2
-247371 2
-247372 2
-247373 2
-247881 2
-247882 2
-247883 2
-247884 2
-248077 2
-248078 2
-248079 2
-248080 2
-248108 2
-248287 2
-248288 2
-248289 2
-248290 2
-248966 2
-248967 2
-248968 2
-248969 2
-249204 2
-249205 2
-249206 2
-249207 2
-249254 2
-249255 2
-249436 2
-249437 2
-250079 2
-250080 2
-250081 2
-250082 2
-250107 2
-250108 2
-250109 2
-250110 2
-250541 2
-250542 2
-250543 2
-250544 2
-250996 2
-250997 2
-250998 2
-250999 2
-251220 2
-251221 2
-251222 2
-251227 2
-251228 2
-251229 2
-251241 2
-251242 2
-251244 2
-252195 2
-252196 2
-252197 2
-252216 2
-252217 2
-252218 2
-254208 2
-254209 2
-254210 2
-254211 2
-255054 2
-255055 2
-255056 2
-255082 2
-255083 2
-255084 2
-257923 2
-257924 2
-257925 2
-258884 2
-258885 2
-258886 2
-258887 2
-259297 2
-259298 2
-259299 2
-259300 2
-259353 2
-259354 2
-259355 2
-259444 2
-259445 2
-259446 2
-259447 2
-261135 2
-261136 2
-261137 2
-261138 2
-261139 2
-261140 2
-261141 2
-263700 2
-263703 2
-263957 2
-263958 2
-263959 2
-263960 2
-264377 2
-264378 2
-264379 2
-264380 2
-264398 2
-264399 2
-264400 2
-264401 2
-265432 2
-265433 2
-265434 2
-265435 2
-267987 2
-267988 2
-267989 2
-267990 2
-269551 2
-269552 2
-269553 2
-269554 2
-269817 2
-269818 2
-269819 2
-269820 2
-269824 2
-269825 2
-269826 2
-269827 2
-270055 2
-270056 2
-270057 2
-270058 2
-270384 2
-270385 2
-270386 2
-270387 2
-270713 2
-270714 2
-270715 2
-270716 2
-270720 2
-270721 2
-270722 2
-270723 2
-270790 2
-270791 2
-270792 2
-270793 2
-271082 2
-271083 2
-271084 2
-271085 2
-271481 2
-271482 2
-271483 2
-271484 2
-271558 2
-271559 2
-271560 2
-271561 2
-271999 2
-272000 2
-272001 2
-272002 2
-272874 2
-272875 2
-272876 2
-272877 2
-272895 2
-272896 2
-272897 2
-272898 2
-273217 2
-273218 2
-273219 2
-273220 2
-273280 2
-273281 2
-273282 2
-273283 2
-273364 2
-273365 2
-273366 2
-273367 2
-274239 2
-274240 2
-274241 2
-274242 2
-275386 2
-275387 2
-275388 2
-275389 2
-275917 2
-275918 2
-275919 2
-275920 2
-276145 2
-276146 2
-276147 2
-276148 2
-276808 2
-276809 2
-276810 2
-276811 2
-276876 2
-276877 2
-276878 2
-276879 2
-277358 2
-277359 2
-277360 2
-277361 2
-277362 2
-278350 2
-278351 2
-278352 2
-278353 2
-278354 2
-278820 2
-278821 2
-278822 2
-279044 2
-279045 2
-279046 2
-279051 2
-279052 2
-279053 2
-279058 2
-279059 2
-279060 2
-279289 2
-279290 2
-279291 2
-279527 2
-279528 2
-279529 2
-279758 2
-279759 2
-279760 2
-281442 2
-281443 2
-281444 2
-281445 2
-281446 2
-281734 2
-281735 2
-281736 2
-281737 2
-281738 2
-281868 2
-281869 2
-281871 2
-281954 2
-281955 2
-281956 2
-281957 2
-281958 2
-282042 2
-282043 2
-282045 2
-282225 2
-282226 2
-282227 2
-282228 2
-282660 2
-282661 2
-282662 2
-282663 2
-282754 2
-282899 2
-282900 2
-282901 2
-282902 2
-282928 2
-282929 2
-282930 2
-282931 2
-283224 2
-283225 2
-283226 2
-283227 2
-283228 2
-283471 2
-283472 2
-283473 2
-283474 2
-283534 2
-283535 2
-283536 2
-283537 2
-283842 2
-283843 2
-283844 2
-283926 2
-283927 2
-283928 2
-283929 2
-284062 2
-284542 2
-284543 2
-284545 2
-284733 2
-284755 2
-284948 2
-284949 2
-284950 2
-284951 2
-285597 2
-285812 2
-285813 2
-285814 2
-285975 2
-286051 2
-286057 2
-286058 2
-286241 2
-286276 2
-286409 2
-286519 2
-286598 2
-286794 2
-286815 2
-287485 2
-287486 2
-287487 2
-287488 2
-287592 2
-288549 2
-288550 2
-288555 2
-288556 2
-288557 2
-288558 2
-289162 2
-290033 2
-290225 2
-290226 2
-290269 2
-290332 2
-290565 2
-290566 2
-290567 2
-290568 2
-290569 2
-292180 2
-292181 2
-292182 2
-292183 2
-292184 2
-292317 2
-292318 2
-292319 2
-292329 2
-292330 2
-292331 2
-292335 2
-292338 2
-292377 2
-292378 2
-292379 2
-292380 2
-292696 2
-292697 2
-292698 2
-292699 2
-294502 2
-294503 2
-294504 2
-296518 2
-296519 2
-296520 2
-296521 2
-296574 2
-296575 2
-296576 2
-296577 2
-298421 2
-298944 2
-299607 2
-299608 2
-299609 2
-300022 2
-300023 2
-300024 2
-300361 2
-302140 2
-302429 2
-302432 2
-302572 2
-302679 2
-302682 2
-302779 2
-302782 2
-302813 2
-302814 2
-302815 2
-303241 2
-303244 2
-303314 2
-303336 2
-303339 2
-303411 2
-303491 2
-303494 2
-303746 2
-303749 2
-303805 2
-303806 2
-303807 2
-304533 2
-304536 2
-305088 2
-305091 2
-305267 2
-305268 2
-305269 2
-305643 2
-306130 2
-306185 2
-306862 2
-306867 2
-306984 2
-306987 2
-307149 2
-307152 2
-307419 2
-307496 2
-307499 2
-307875 2
-307876 2
-307877 2
-309432 2
-309433 2
-309434 2
-309435 2
-310056 2
-310057 2
-310099 2
-310100 2
-310240 2
-310241 2
-310242 2
-310256 2
-310257 2
-310344 2
-310346 2
-310347 2
-310348 2
-310771 2
-310772 2
-310773 2
-311141 2
-311147 2
-311166 2
-311167 2
-311168 2
-311174 2
-311176 2
-311183 2
-311428 2
-311429 2
-311430 2
-311469 2
-311471 2
-311610 2
-311613 2
-311630 2
-311633 2
-312546 2
-312560 2
-312567 2
-313748 2
-313749 2
-314189 2
-314190 2
-314205 2
-314345 2
-315225 2
-317010 2
-317013 2
-317095 2
-317098 2
-317395 2
-317398 2
-317435 2
-317438 2
-317580 2
-317583 2
-318235 2
-318238 2
-318853 2
-318930 2
-318933 2
-319015 2
-319018 2
-319315 2
-319318 2
-319355 2
-319358 2
-320115 2
-320750 2
-320753 2
-321835 2
-322030 2
-322033 2
-322725 2
-322770 2
-322773 2
-322855 2
-322858 2
-323195 2
-323198 2
-323360 2
-323363 2
-323955 2
-323958 2
-323983 2
-324972 2
-324973 2
-324974 2
-324975 2
-326141 2
-326142 2
-326143 2
-327856 2
-327859 2
-327891 2
-327894 2
-327967 2
-327968 2
-327969 2
-327970 2
-328408 2
-328409 2
-328410 2
-328411 2
-328450 2
-328451 2
-328452 2
-328453 2
-329001 2
-329002 2
-329003 2
-329004 2
-329071 2
-329072 2
-329073 2
-329074 2
-329099 2
-329100 2
-329101 2
-329102 2
-329176 2
-329177 2
-329178 2
-329179 2
-329218 2
-329219 2
-329220 2
-329221 2
-329449 2
-329450 2
-329451 2
-329452 2
-329624 2
-329625 2
-329626 2
-329627 2
-329666 2
-329667 2
-329668 2
-329669 2
-330100 2
-330101 2
-330102 2
-330103 2
-330429 2
-330430 2
-330431 2
-330432 2
-330464 2
-330465 2
-330466 2
-330467 2
-330506 2
-330507 2
-330508 2
-330509 2
-330548 2
-330549 2
-330550 2
-330551 2
-330982 2
-330983 2
-330984 2
-330985 2
-330989 2
-330990 2
-330991 2
-330992 2
-330996 2
-330997 2
-330998 2
-330999 2
-331500 2
-331501 2
-331503 2
-331598 2
-331599 2
-331601 2
-331661 2
-331662 2
-331664 2
-332021 2
-332396 2
-332397 2
-332398 2
-332403 4
-332404 4
-332405 4
-332406 2
-332426 2
-332452 2
-332453 2
-332454 2
-332851 2
-332852 2
-332853 2
-332854 2
-332865 2
-332866 2
-332867 2
-332868 2
-332879 2
-332880 2
-332881 2
-332882 2
-332916 2
-333337 2
-333461 2
-333462 2
-333463 2
-333951 2
-333952 2
-333953 2
-333954 2
-333972 2
-333973 2
-333974 2
-333975 2
-334056 2
-334057 2
-334058 2
-334059 2
-334234 2
-334273 2
-334274 2
-334275 2
-334276 2
-334360 2
-334854 2
-334855 2
-334856 2
-334857 2
-335159 2
-335160 2
-335161 2
-335162 2
-335323 2
-335750 2
-335790 2
-335792 2
-335833 2
-336097 2
-336098 2
-336100 2
-336226 2
-336587 2
-336588 2
-336590 2
-336958 2
-336959 2
-336960 2
-336961 2
-337115 2
-337170 2
-337581 2
-337582 2
-337584 2
-337626 2
-337845 2
-337846 2
-337847 2
-337848 2
-337852 2
-337853 2
-337854 2
-337855 2
-337859 2
-337860 2
-337861 2
-337862 2
-337915 2
-337916 2
-337918 2
-338025 2
-338026 2
-338027 2
-338350 2
-338736 2
-338776 2
-338811 2
-345166 2
-345167 2
-345168 2
-347837 2
-347840 2
-348749 2
-348750 2
-348751 2
-348752 2
-349549 2
-349550 2
-349551 2
-350474 2
-350475 2
-350476 2
-350817 2
-350818 2
-350819 2
-351251 2
-351252 2
-351253 2
-351490 2
-351491 2
-351492 2
-351493 2
-352992 2
-353111 2
-353113 2
-353117 2
-353118 2
-353119 2
-353123 2
-353124 2
-353125 2
-353306 2
-353309 2
-353351 2
-353352 2
-353353 2
-353357 2
-353358 2
-353359 2
-353360 2
-353406 2
-353407 2
-353408 2
-354372 2
-354374 2
-354386 2
-354387 2
-354388 2
-354510 2
-354511 2
-354512 2
-354514 2
-354624 2
-354625 2
-354626 2
-354632 2
-354650 2
-355172 2
-355603 2
-355604 2
-355605 2
-355606 2
-356000 2
-356001 2
-356002 2
-356421 2
-356422 2
-356423 2
-356431 2
-356456 2
-356457 2
-356458 2
-356487 2
-356494 2
-358709 2
-358710 2
-358711 2
-358712 2
-358958 2
-358959 2
-360920 2
-361967 2
-362793 2
-362794 2
-362795 2
-363678 2
-363682 2
-363683 2
-363684 2
-365237 2
-366463 2
-367984 2
-367985 2
-373255 2
-373256 2
-373260 2
-373261 2
-373263 2
-373268 2
-373269 2
-373273 2
-373845 2
-375175 2
-375176 2
-375177 2
-375719 2
-378232 2
-378233 2
-378235 2
-378254 2
-378264 2
-378265 2
-378266 2
-379405 2
-379407 2
-379408 2
-379409 2
-380285 2
-380290 2
-380291 2
-380292 2
-382517 2
-382518 2
-382522 2
-382525 2
-382583 2
-382585 2
-382586 2
-382587 2
-382992 2
-382993 2
-382994 2
-385173 2
-385175 2
-385176 2
-385177 2
-385215 2
-385216 2
-386643 2
-386646 2
-386791 2
-386806 2
-387105 2
-387106 2
-388059 2
-388099 2
-388100 2
-389849 2
-389850 2
-390249 2
-390283 2
-390691 2
-390719 2
-390733 2
-392138 2
-392139 2
-392929 2
-392930 2
-392985 2
-392986 2
-393832 2
-393833 2
-396157 2
-396158 2
-396159 2
-396335 2
-396336 2
-396557 2
-396578 2
-396579 2
-396587 2
-398675 2
-398676 2
-398677 2
-398678 2
-398692 2
-398875 2
-398876 2
-398877 2
-398878 2
-398879 2
-399177 2
-399178 2
-399179 2
-399180 2
-399181 2
-399376 2
-399861 2
-399862 2
-399863 2
-399864 2
-399865 2
-400163 2
-400164 2
-400165 2
-400166 2
-400188 2
-400219 2
-400220 2
-400221 2
-400222 2
-400223 2
-400299 2
-400300 2
-400301 2
-400302 2
-400303 2
-400347 2
-400348 2
-400349 2
-400350 2
-400351 2
-400602 2
-401427 2
-401428 2
-401429 2
-401430 2
-401431 2
-401539 2
-401540 2
-401541 2
-401542 2
-401543 2
-401547 2
-401548 2
-401549 2
-401550 2
-401551 2
-401980 2
-401981 2
-402013 2
-403115 2
-403116 2
-403117 2
-404143 2
-405453 2
-405454 2
-405455 2
-405456 2
-405457 2
-405469 2
-405470 2
-405471 2
-405472 2
-405473 2
-406121 2
-406122 2
-406123 2
-406124 2
-406125 2
-406137 2
-406138 2
-406139 2
-406140 2
-406141 2
-406713 2
-407412 2
-407413 2
-409049 2
-409050 2
-409051 2
-409063 2
-409065 2
-409066 2
-409067 2
-409074 2
-409075 2
-409095 2
-409096 2
-409097 2
-409098 2
-409099 2
-409235 2
-409257 2
-409258 2
-409259 2
-409289 2
-409305 2
-409739 2
-409740 2
-410041 2
-410042 2
-410043 2
-410044 2
-410045 2
-411617 2
-411618 2
-411619 2
-411620 2
-411635 2
-411636 2
-411637 2
-411650 2
-411651 2
-411652 2
-411653 2
-411898 2
-411899 2
-413001 2
-413002 2
-413360 2
-413361 2
-413362 2
-413363 2
-413695 2
-413696 2
-413697 2
-413701 2
-413705 2
-414035 2
-414036 2
-415943 2
-417051 2
-417052 2
-417053 2
-417054 2
-417158 2
-417382 2
-417856 2
-418177 2
-418608 2
-418609 2
-418610 2
-418611 2
-419057 2
-419194 2
-419195 2
-419196 2
-419197 2
-419316 2
-419483 2
-419489 2
-419571 2
-419572 2
-419573 2
-419574 2
-419707 2
-419998 2
-419999 2
-420001 2
-421464 2
-421465 2
-421467 2
-421829 2
-421834 2
-421835 2
-421836 2
-422252 2
-422253 2
-422254 2
-422255 2
-422357 2
-422358 2
-422359 2
-422360 2
-422483 2
-422484 2
-422485 2
-422513 2
-422607 2
-422608 2
-422609 2
-422610 2
-423061 2
-423062 2
-423063 2
-423064 2
-423712 2
-424034 2
-424061 2
-424701 2
-424702 2
-424703 2
-424704 2
-425101 2
-425778 2
-426273 2
-428347 2
-428739 2
-429101 2
-429448 2
-429449 2
-429450 2
-429901 2
-429902 2
-429903 2
-429904 2
-429944 2
-429945 2
-430027 2
-430028 2
-430029 2
-430104 2
-430105 2
-430106 2
-430107 2
-430146 2
-430147 2
-430148 2
-430295 2
-430669 2
-430670 2
-430671 2
-430672 2
-430970 2
-430989 2
-430990 2
-430991 2
-431011 2
-431012 2
-431082 2
-431136 2
-431137 2
-431138 2
-431139 2
-431192 2
-431193 2
-431194 2
-431213 2
-431214 2
-431215 2
-431216 2
-431324 2
-431325 2
-431326 2
-431743 2
-431744 2
-431745 2
-431746 2
-431778 2
-431779 2
-431780 2
-432541 2
-432758 2
-432888 2
-432889 2
-432890 2
-433062 2
-433063 2
-433065 2
-433286 2
-433287 2
-433289 2
-433481 2
-433482 2
-433483 2
-433484 2
-433537 2
-433538 2
-433539 2
-433540 2
-434636 2
-435583 2
-435584 2
-435585 2
-435586 2
-436670 2
-436673 2
-437874 2
-437875 2
-437876 2
-438210 2
-438211 2
-438212 2
-438401 2
-438581 2
-438582 2
-438583 2
-439421 2
-439422 2
-439771 2
-440177 2
-440178 2
-440179 2
-440268 2
-440269 2
-440270 2
-440471 2
-440611 2
-440612 2
-440613 2
-440640 2
-440695 2
-440696 2
-441145 2
-441248 2
-441249 2
-441250 2
-441537 2
-441626 2
-441627 2
-441628 2
-441691 2
-441817 2
-441844 2
-441941 2
-441942 2
-442013 2
-442067 2
-442068 2
-442160 2
-442286 2
-442725 2
-442907 2
-443012 2
-443013 2
-443014 2
-443068 2
-443069 2
-443209 2
-443313 2
-443314 2
-443315 2
-443327 2
-443328 2
-443329 2
-443342 2
-443553 2
-443649 2
-443650 2
-443651 2
-443663 2
-443882 2
-444097 2
-444098 2
-444099 2
-444426 2
-444427 2
-444428 2
-444566 2
-444783 2
-444784 2
-444911 2
-445791 2
-445792 2
-445800 2
-445826 2
-445827 2
-448766 2
-448767 2
-448768 2
-450481 2
-450482 2
-450483 2
-451701 2
-451832 2
-451867 2
-452070 2
-452071 2
-452301 2
-452302 2
-452303 2
-452540 2
-452546 2
-452547 2
-452553 2
-453485 2
-453493 2
-453568 2
-453569 2
-453570 2
-454088 2
-454164 2
-454171 2
-454380 2
-454381 2
-454382 2
-454387 2
-454388 2
-454389 2
-454479 2
-454576 2
-454577 2
-454611 2
-454612 2
-454613 2
-454940 2
-454941 2
-454947 2
-454948 2
-454949 2
-454954 2
-454955 2
-455290 2
-455291 2
-455543 2
-455983 2
-455984 2
-455985 2
-456718 2
-456719 2
-456720 2
-460812 2
-460956 2
-461083 2
-461084 2
-461166 2
-461167 2
-461168 2
-461361 2
-461452 2
-461478 2
-461479 2
-461646 2
-461655 2
-461781 2
-463558 2
-463559 2
-463560 2
-463640 2
-463641 2
-463642 2
-463643 2
-463644 2
-464928 2
-464929 2
-464930 2
-465255 2
-465256 2
-465257 2
-465258 2
-465733 2
-465738 2
-465739 2
-465740 2
-465741 2
-466396 2
-466397 2
-466398 2
-466399 2
-466879 2
-466880 2
-466881 2
-466882 2
-466907 2
-466908 2
-466909 2
-466910 2
-467516 2
-467519 2
-468200 2
-468201 2
-468202 2
-468606 2
-468607 2
-468608 2
-469703 2
-469704 2
-469705 2
-469753 2
-469755 2
-469756 2
-469757 2
-469767 2
-469889 2
-469907 2
-469909 2
-469910 2
-469915 2
-469916 2
-470459 2
-470460 2
-470556 2
-470563 2
-470564 2
-470603 2
-470604 2
-471312 2
-471313 2
-471755 2
-471756 2
-471856 2
-471857 2
-471858 2
-471859 2
-471860 2
-472080 2
-472081 2
-472082 2
-472083 2
-472084 2
-473209 2
-473224 2
-473225 2
-473226 2
-473296 2
-473297 2
-473298 2
-473299 2
-473331 2
-473332 2
-474367 2
-474368 2
-474369 2
-474370 2
-474409 2
-474410 2
-474411 2
-474412 2
-474929 2
-474930 2
-474932 2
-474960 2
-474985 2
-474986 2
-474987 2
-475251 2
-475252 2
-475253 2
-475254 2
-475551 2
-475552 2
-475554 2
-476251 2
-476252 2
-476254 2
-476258 2
-476259 2
-476261 2
-476352 2
-476454 2
-476455 2
-476456 2
-477074 2
-477416 2
-478301 2
-478302 2
-478303 2
-478304 2
-478309 2
-478310 2
-478360 2
-479001 2
-479002 2
-479003 2
-479295 2
-479296 2
-479297 2
-479298 2
-479421 2
-479422 2
-479423 2
-479424 2
-480022 2
-480023 2
-480024 2
-480197 2
-480198 2
-480199 2
-480309 2
-480395 2
-480995 2
-481030 2
-481031 2
-481130 2
-481303 2
-481359 2
-481360 2
-481361 2
-481520 2
-481521 2
-481522 2
-482129 2
-482130 2
-482131 2
-482766 2
-482767 2
-482768 2
-482955 2
-484194 2
-484195 2
-484196 2
-484406 2
-484439 2
-484440 2
-484460 2
-484509 2
-484530 2
-484742 2
-485303 2
-485306 2
-485405 2
-485490 2
-485491 2
-485492 2
-485743 2
-485867 2
-485868 2
-485869 2
-485870 2
-485902 2
-485903 2
-485904 2
-485905 2
-485939 2
-485965 2
-485966 2
-485967 2
-485974 2
-486070 2
-486071 2
-486238 2
-486239 2
-486240 2
-486377 2
-486378 2
-486379 2
-486414 2
-486520 2
-486916 2
-486917 2
-486918 2
-486919 2
-487163 2
-487651 2
-487652 2
-487777 2
-487778 2
-487833 2
-487834 2
-487842 2
-487954 2
-487957 2
-488947 2
-488948 2
-488949 2
-488969 2
-488970 2
-488971 2
-489111 2
-489112 2
-489113 2
-489114 2
-489115 2
-489201 2
-489202 2
-489203 2
-489218 2
-489219 2
-489220 2
-489268 2
-489269 2
-489270 2
-489271 2
-489272 2
-489593 2
-489594 2
-489623 2
-489624 2
-489629 2
-489630 2
-489749 2
-489750 2
-489751 2
-489821 2
-489822 2
-489827 2
-489828 2
-489829 2
-489893 2
-489894 2
-489895 2
-489899 2
-489900 2
-489901 2
-489911 2
-489912 2
-489913 2
-489935 2
-489936 2
-490009 2
-490043 2
-490044 2
-490045 2
-490313 2
-490314 2
-490315 2
-490355 2
-490356 2
-492993 2
-492994 2
-492995 2
-492996 2
-492997 2
-493075 2
-493076 2
-493077 2
-493103 2
-493104 2
-493105 2
-493416 2
-493419 2
-493431 2
-493434 2
-493481 2
-493484 2
-493622 2
-493623 2
-493624 2
-493911 2
-493912 2
-493913 2
-493914 2
-493915 2
-497326 2
-497327 2
-497328 2
-497329 2
-497330 2
-497331 2
-497332 2
-497396 2
-497397 2
-497398 2
-497399 2
-497400 2
-497401 2
-497402 2
-499585 2
-499586 2
-499587 2
-500204 2
-500206 2
-500401 2
-501108 2
-501316 2
-501317 2
-501319 2
-501575 2
-501576 2
-501577 2
-501578 2
-502002 2
-502003 2
-502005 2
-502667 2
-502668 2
-502669 2
-502670 2
-502878 2
-502880 2
-502891 2
-502892 2
-502894 2
-502905 2
-502906 2
-502908 2
-503101 2
-503102 2
-503103 2
-503361 2
-503363 2
-503941 2
-503942 2
-503943 2
-503948 2
-503949 2
-503950 2
-504403 2
-504424 2
-504425 4
-504426 2
-504431 2
-504432 2
-504433 2
-504438 2
-504439 2
-504440 2
-504641 2
-504642 2
-504643 2
-504837 2
-504838 2
-504839 2
-505572 2
-505573 2
-505964 2
-505965 2
-505966 2
-505992 2
-505993 2
-505994 2
-506195 2
-506196 2
-506197 2
-506209 2
-506210 2
-506650 2
-506651 2
-506797 2
-506798 2
-506799 2
-506895 2
-506909 2
-506910 2
-506916 2
-506917 2
-507105 2
-507106 2
-507112 2
-507113 2
-507114 4
-100000000000927 4
-100000000000928 4
-100001250000913 4
-100001250000914 4
-100001250001163 4
-100001250001164 4
-100002500005746 4
-100002500005747 4
-100002500005750 4
-100002500005751 4
-100002500005950 4
-100002500006056 4
-100002500006533 4
-100002500006534 4
-100002500006647 4
-100002500006648 4
-100002500006671 4
-100002500006672 4
-100002500006708 4
-100002500006868 4
-100002500006869 4
-100002500007743 4
-100002500007744 4
-100002500007776 4
-100002500007777 4
-100002500009046 4
-100002500009047 4
-100002500009316 4
-100002500009317 4
-100002500009620 4
-100002500009621 4
-100002500009680 4
-100002500010070 4
-100002500010107 4
-100002500010108 4
-100002500010135 4
-100002500010136 4
-100002500010139 4
-100002500010284 4
-100002500010285 4
-100002500010426 4
-100002500010427 4
-100002500010963 4
-100002500010964 4
-100002500010965 4
-100002500010966 4
-100002500012065 4
-100002500012066 4
-100002500012067 4
-100002500012068 4
-100002500012321 4
-100002500012322 4
-100002500012323 4
-100002500012324 4
-100002500012325 4
-100002500012326 4
-100002500012327 4
-100002500012328 4
-100002500012333 4
-100002500012334 4
-100002500012335 4
-100002500012336 4
-100002500012337 4
-100002500012338 4
-100002500012339 4
-100002500012340 4
-100002500012341 4
-100002500012342 4
-100002500012343 4
-100002500012344 4
-100003750011426 4
-100003750011427 4
-100003750011571 4
-100003750011572 4
-100003750012240 4
-100003750012241 4
-100003750012883 4
-100003750012900 4
-100003750012901 4
-100003750013091 4
-100003750013092 4
-100003750013405 4
-100003750013736 4
-100003750013737 4
-100003750014145 4
-100003750014657 4
-100003750014658 4
-100003750014984 4
-100003750014985 4
-100003750015019 4
-100003750015020 4
-100003750015676 4
-100003750015677 4
-100003750015880 4
-100003750015881 4
-100003750015896 4
-100003750015897 4
-100003750016593 4
-100003750016594 4
-100003750016668 4
-100003750016669 4
-100003750016855 4
-100003750016856 4
-100003750016980 4
-100003750016981 4
-100003750017014 4
-100003750017487 4
-100003750017513 4
-100003750017723 4
-100003750017724 4
-100003750017799 4
-100003750017800 4
-100003750017905 4
-100003750018281 4
-100003750018282 4
-100003750018283 4
-100003750020973 4
-100003750020974 4
-100003750020975 4
-100003750020976 4
-100003750022413 4
-100003750022414 4
-100003750022415 4
-100003750022416 4
-100003750023473 4
-100003750023474 4
-100003750023475 4
-100003750023476 4
-100005000012677 4
-100005000012764 4
-100005000012775 4
-100005000013229 4
-100005000013230 4
-100005000014130 4
-100005000014182 4
-100005000014183 4
-100005000014381 4
-100005000014382 4
-100005000014838 4
-100005000014839 4
-100005000015375 4
-100005000015376 4
-100005000015416 4
-100005000015621 4
-100005000015646 4
-100005000016678 4
-100005000016679 4
-100005000017292 4
-100005000017293 4
-100005000017674 4
-100005000017675 4
-100005000018000 4
-100005000018230 4
-100005000018231 4
-100005000018303 4
-100005000018304 4
-100005000018340 4
-100005000018341 4
-100005000018529 4
-100005000018771 4
-100005000018817 4
-100005000018818 4
-100005000019121 4
-100005000019122 4
-100005000019210 4
-100005000019253 4
-100005000019259 4
-100005000019474 4
-100005000019475 4
-100005000019568 4
-100005000019569 4
-100005000020028 4
-100005000020029 4
-100005000020097 4
-100005000020098 4
-100005000020454 4
-100005000020455 4
-100005000021983 4
-100005000021984 4
-100005000021985 4
-100005000021986 4
-100005000022149 4
-100005000022150 4
-100005000022169 4
-100005000022170 4
-100005000023079 4
-100005000023080 4
-100005000023081 4
-100005000023082 4
-100005000024965 4
-100005000024966 4
-100005000024967 4
-100005000024968 4
-100005000025135 4
-100005000025136 4
-100005000025137 4
-100005000025138 4
-100005000025139 4
-100005000025140 4
-100005000025141 4
-100005000025142 4
-100005000025189 4
-100005000025190 4
-100005000025191 4
-100005000025192 4
-100005000025193 4
-100005000025194 4
-100005000025195 4
-100005000025196 4
-100006250005948 4
-100006250005949 4
-100006250007479 4
-100006250008010 4
-100006250008011 4
-100006250008050 4
-100006250008051 4
-100006250008164 4
-100006250008210 4
-100006250008443 4
-100006250008444 4
-100006250008673 4
-100006250008674 4
-100006250008723 4
-100006250008724 4
-100006250008885 4
-100006250009822 4
-100006250009823 4
-100006250009824 4
-100006250009825 4
-100006250009826 4
-100006250009827 4
-100006250010710 4
-100006250010711 4
-100006250010712 4
-100006250010713 4
-100006250010788 4
-100006250010789 4
-100006250010790 4
-100006250010791 4
-100007500001197 4
-100007500001198 4
-100007500001207 4
-100007500001208 4
-100007500001590 4
-100007500001591 4
-100007500001873 4
-100007500001874 4
